43.257 80.563
48.346 79.284 0.0000
59.183861 95.911453
63.613 89.514 0.0000
76.924606 112.406624
83.969 103.581 0.0000
93.562294 129.133942
101.781 118.926 0.0000
111.010208 146.435837
123.410 130.435 0.0000
128.848221 163.014191
142.494 148.338 0.0000
145.828186 180.153336
162.850 163.683 0.0000
162.748581 197.235687
184.478 176.471 0.0000
179.935455 214.336670
207.379 190.537 0.0000
196.795624 231.069214
230.280 205.882 0.0000
214.058380 248.267807
249.364 223.785 0.0000
231.815170 264.930298
270.992 239.130 0.0000
248.978943 280.875977
296.438 251.918 0.0000
266.031372 296.639587
314.249 268.542 0.0000
284.738190 313.078888
330.789 281.330 0.0000
302.220428 329.736115
360.051 297.954 0.0000
320.410004 345.831848
380.407 313.299 0.0000
337.760376 361.087585
402.036 331.202 0.0000
355.512115 377.535950
423.664 343.990 0.0000
373.730194 393.782806
445.293 358.056 0.0000
391.756378 409.937164
-151.399 574.169 1.0000
